version https://git-lfs.github.com/spec/v1
oid sha256:b4dfa95f606d44d82149e6fab98f7ccde791dafe83ccd2ac0e773aa319257573
size 160765
